1 134 A1AB10 466920
2 135 A1AB10 466920
3 136 A1AB10 466920
4 137 A1AB10 466920
5 39 A1AB10 466920
6 38 A1AB10 466920
7 132 A1AD60 466920
8 133 A1AB10 466920
9 35 A1AB10 466920
10 34 A1AB10 466920
11 37 A1AB10 466920
12 36 A1AB10 466920
13 31 A1AB10 466920
14 30 A1AB10 466920
15 33 A1AB10 466920
16 32 A1AB10 466920
17 238 A1AB10 466920
18 232 A1AB10 466920
19 126 A1AB10 466920
20 130 A1AB10 466920
21 328 A1AB10 466920
22 131 A1AB10 466920
23 127 A1AB10 466920
24 312 A1AB10 466920
25 141 A1AB10 466920
26 140 A1AB10 466920
27 143 A1AB10 466920
28 142 A1AB10 466920
29 145 A1AB10 466920
30 144 A1AB10 466920
31 147 A1AB10 466920
32 146 A1AB10 466920
33 149 A1AB10 466920
34 148 A1AB10 466920
35 305 A1AB10 466920
36 304 A1AB10 466920
37 303 A1AB10 466920
38 231 A1AB10 466920
39 301 A1AB10 466920
40 300 A1AB10 466920
41 48 A1AB10 466920
42 49 A1AB10 466920
43 125 A1AB10 466920
44 124 A1AB10 466920
45 123 A1AB10 466920
46 122 A1AB10 466920
47 121 A1AB10 466920
48 120 A1AB10 466920
49 40 A1AB10 466920
50 41 A1AB10 466920
51 42 A1AB10 466920
52 43 A1AB10 466920
53 44 A1AB10 466920
54 45 A1AB10 466920
55 46 A1AB10 466920
56 47 A1AB10 466920
57 235 A1AB10 466920
58 318 A1AB10 466920
59 234 A1AB10 466920
60 233 A1AB10 466920
61 151 A1AB10 466920
62 338 A1AB10 466920
63 249 A1AB10 466920
64 333 A1AB10 466920
65 331 A1AB10 466920
66 337 A1AB10 466920
67 334 A1AB10 466920
68 335 A1AB10 466920
69 112 A1AB10 466920
70 113 A1AB10 466920
71 59 A1AB10 466920
72 58 A1AB10 466920
73 116 A1AB10 466920
74 117 A1AB10 466920
75 114 A1AB10 466920
76 115 A1AB10 466920
77 53 A1AB10 466920
78 52 A1AB10 466920
79 51 A1AB10 466920
80 50 A1AB10 466920
81 57 A1AB10 466920
82 56 A1AB10 466920
83 55 A1AB10 466920
84 54 A1AB10 466920
85 267 A1AB10 466920
86 248 A1AB10 466920
87 158 A1AB10 466920
88 276 A1AB10 466920
89 342 A1AB10 466920
90 279 A1AB10 466920
91 261 A1AB10 466920
92 324 A1AB10 466920
93 327 A1AB10 466920
94 326 A1AB10 466920
95 229 A1AB10 466920
96 288 A1AB10 466920
97 289 A1AB10 466920
98 286 A1AB10 466920
99 287 A1AB10 466920
100 284 A1AB10 466920
101 285 A1AB10 466920
102 282 A1AB10 466920
103 283 A1AB10 466920
104 280 A1AB10 466920
105 281 A1AB10 466920
106 206 A1AB10 466920
107 207 A1AB10 466920
108 204 A1AB10 466920
109 205 A1AB10 466920
110 202 A1AB10 466920
111 203 A1AB10 466920
112 159 A1AB10 466920
113 242 A1AB10 466920
114 222 A1AB10 466920
115 208 A1AB10 466920
116 209 A1AB10 466920
117 230 A1AB10 466920
118 265 A1AB10 466920
119 266 A1AB10 466920
120 223 A1AB10 466920
121 109 A1AB10 466920
122 108 A1AB10 466920
123 262 A1AB10 466920
124 263 A1AB10 466920
125 105 A1AB10 466920
126 104 A1AB10 466920
127 107 A1AB10 466920
128 106 A1AB10 466920
129 101 A1AB10 466920
130 100 A1AB10 466920
131 103 A1AB10 466920
132 102 A1AB10 466920
133 274 A1AB10 466920
134 119 A1AB10 466920
135 226 A1AB10 466920
136 227 A1AB10 466920
137 260 A1AB10 466920
138 237 A1AB10 466920
139 299 A1AB10 466920
140 298 A1AB10 466920
141 291 A1AB10 466920
142 290 A1AB10 466920
143 175 A1AB10 466920
144 292 A1AB10 466920
145 295 A1AB10 466920
146 294 A1AB10 466920
147 297 A1AB10 466920
148 296 A1AB10 466920
149 211 A1AB10 466920
150 210 A1AB10 466920
151 213 A1AB10 466920
152 212 A1AB10 466920
153 215 A1AB10 466920
154 214 A1AB10 466920
155 217 A1AB10 466920
156 216 A1AB10 466920
157 192 A1AB10 466920
158 193 A1AB10 466920
159 190 A1AB10 466920
160 191 A1AB10 466920
161 196 A1AB10 466920
162 201 A1AB10 466920
163 194 A1AB10 466920
164 195 A1AB10 466920
165 178 A1AB10 466920
166 179 A1AB10 466920
167 275 A1AB10 466920
168 269 A1AB10 466920
169 268 A1AB10 466920
170 272 A1AB10 466920
171 271 A1AB10 466920
172 270 A1AB10 466920
173 170 A1AB10 466920
174 171 A1AB10 466920
175 172 A1AB10 466920
176 173 A1AB10 466920
177 174 A1AB10 466920
178 110 A1AB10 466920
179 176 A1AD60 466920
180 177 A1AB10 466920
181 111 A1AB10 466920
182 259 A1AB10 466920
183 241 A1AB10 466920
184 319 A1AB10 466920
185 258 A1AB10 466920
186 185 A1AB10 466920
187 184 A1AB10 466920
188 187 A1AB10 466920
189 186 A1AD60 466920
190 181 A1AB10 466920
191 180 A1AB10 466920
192 183 A1AB10 466920
193 182 A1AB10 466920
194 189 A1AB10 466920
195 188 A1AB10 466920
196 277 A1AB10 466920
197 66 A1AB10 466920
198 67 A1AB10 466920
199 64 A1AB10 466920
200 65 A1AB10 466920
201 62 A1AB10 466920
202 63 A1AB10 466920
203 60 A1AB10 466920
204 61 A1AB10 466920
205 118 A1AB10 466920
206 68 A1AB10 466920
207 69 A1AB10 466920
208 4 A1AB10 466920
209 5 A1AB10 466920
210 6 A1AD60 466920
211 7 A1AD60 466920
212 246 A1AB10 466920
213 1 A1AD60 466920
214 2 A1AB10 466920
215 3 A1AB10 466920
216 163 A1AB10 466920
217 162 A1AB10 466920
218 161 A1AB10 466920
219 160 A1AB10 466920
220 8 A1AB10 466920
221 9 A1AB10 466920
222 165 A1AB10 466920
223 164 A1AB10 466920
224 243 A1AB10 466920
225 307 A1AB10 466920
226 221 A1AB10 466920
227 306 A1AB10 466920
228 236 A1AB10 466920
229 252 A1AB10 466920
230 254 A1AB10 466920
231 302 A1AB10 466920
232 71 A1AB10 466920
233 70 A1AB10 466920
234 73 A1AB10 466920
235 72 A1AB10 466920
236 75 A1AB10 466920
237 74 A1AB10 466920
238 77 A1AB10 466920
239 76 A1AB10 466920
240 79 A1AB10 466920
241 78 A1AB10 466920
242 293 A1AB10 466920
243 17 A1AB10 466920
244 16 A1AB10 466920
245 15 A1AB10 466920
246 14 A1AB10 466920
247 13 A1AB10 466920
248 12 A1AB10 466920
249 11 A1AB10 466920
250 10 A1AB10 466920
251 255 A1AB10 466920
252 253 A1AB10 466920
253 257 A1AB10 466920
254 256 A1AB10 466920
255 251 A1AB10 466920
256 169 A1AB10 466920
257 19 A1AB10 466920
258 18 A1AB10 466920
259 168 A1AB10 466920
260 309 A1AB10 466920
261 308 A1AB10 466920
262 264 A1AB10 466920
263 247 A1AB10 466920
264 244 A1AB10 466920
265 273 A1AB10 466920
266 150 A1AB10 466920
267 245 A1AB10 466920
268 239 A1AB10 466920
269 88 A1AB10 466920
270 89 A1AB10 466920
271 84 A1AB10 466920
272 85 A1AB10 466920
273 86 A1AB10 466920
274 87 A1AB10 466920
275 80 A1AB10 466920
276 81 A1AB10 466920
277 82 A1AB10 466920
278 83 A1AB10 466920
279 22 A1AB10 466920
280 23 A1AB10 466920
281 20 A1AB10 466920
282 21 A1AB10 466920
283 26 A1AB10 466920
284 27 A1AB10 466920
285 24 A1AB10 466920
286 25 A1AB10 466920
287 220 A1AB10 466920
288 167 A1AB10 466920
289 28 A1AB10 466920
290 29 A1AB10 466920
291 224 A1AB10 466920
292 225 A1AB10 466920
293 138 A1AB10 466920
294 166 A1AB10 466920
295 219 A1AB10 466920
296 129 A1AB10 466920
297 218 A1AB10 466920
298 250 A1AB10 466920
299 278 A1AB10 466920
300 128 A1AB10 466920
301 314 A1AB10 466920
302 316 A1AB10 466920
303 320 A1AB10 466920
304 228 A1AB10 466920
305 323 A1AB10 466920
306 240 A1AB10 466920
307 310 A1AB10 466920
308 322 A1AB10 466920
309 139 A1AB10 466920
310 311 A1AB10 466920
311 156 A1AB10 466920
312 157 A1AB10 466920
313 154 A1AB10 466920
314 155 A1AB10 466920
315 152 A1AB10 466920
316 153 A1AB10 466920
317 99 A1AB10 466920
318 98 A1AB10 466920
319 97 A1AB10 466920
320 96 A1AB10 466920
321 95 A1AB10 466920
322 94 A1AB10 466920
323 93 A1AB10 466920
324 92 A1AB10 466920
325 91 A1AB10 466920
326 90 A1AB10 466920
